solid stl file generated from DOUG
 facet normal 0.005739 -0.944419 -0.328695
  outer loop
   vertex 88.399506 77.471519 549.772278
   vertex 87.399658 77.471519 549.754822
   vertex 87.469246 78.859406 545.768311
  endloop
 endfacet

 facet normal -0.017347 0.094887 0.995337
  outer loop
   vertex 88.534874 -31.037159 484.735199
   vertex 89.534721 -31.037159 484.752625
   vertex 89.579041 -4.398631 482.213898
  endloop
 endfacet

 facet normal 0.001656 0.995488 -0.094874
  outer loop
   vertex 88.400124 77.381073 549.749878
   vertex 87.400276 77.381073 549.732422
   vertex 87.925003 79.975845 576.967896
  endloop
 endfacet

 facet normal 0.001656 0.995488 -0.094874
  outer loop
   vertex 87.925003 79.975845 576.967896
   vertex 87.400276 77.381073 549.732422
   vertex 86.925156 79.975845 576.950439
  endloop
 endfacet

 facet normal -0.001656 -0.995488 0.094874
  outer loop
   vertex 88.400124 77.381073 549.749878
   vertex 87.925003 79.975845 576.967896
   vertex 87.400276 77.381073 549.732422
  endloop
 endfacet

 facet normal -0.001656 -0.995488 0.094874
  outer loop
   vertex 87.400276 77.381073 549.732422
   vertex 87.925003 79.975845 576.967896
   vertex 86.925156 79.975845 576.950439
  endloop
 endfacet

 facet normal -0.017377 0.094888 0.995336
  outer loop
   vertex 88.534874 -31.037159 484.735199
   vertex 89.579041 -4.398631 482.213898
   vertex 88.579193 -4.398631 482.196442
  endloop
 endfacet

 facet normal -0.017039 -0.217379 0.975939
  outer loop
   vertex 88.579193 -4.398631 482.196442
   vertex 89.579041 -4.398631 482.213898
   vertex 89.471939 23.155392 488.349365
  endloop
 endfacet

 facet normal -0.017039 -0.217379 0.975939
  outer loop
   vertex 89.471939 23.155392 488.349365
   vertex 88.472092 23.155392 488.331909
   vertex 88.579193 -4.398631 482.196442
  endloop
 endfacet

 facet normal -0.015032 -0.508367 0.861009
  outer loop
   vertex 89.221474 47.464703 502.697968
   vertex 88.472092 23.155392 488.331909
   vertex 89.471939 23.155392 488.349365
  endloop
 endfacet

 facet normal -0.015032 -0.508367 0.861009
  outer loop
   vertex 88.221626 47.464703 502.680511
   vertex 88.472092 23.155392 488.331909
   vertex 89.221474 47.464703 502.697968
  endloop
 endfacet

 facet normal 0.017347 -0.094887 -0.995337
  outer loop
   vertex 89.534721 -31.037159 484.752625
   vertex 88.534874 -31.037159 484.735199
   vertex 89.579041 -4.398631 482.213898
  endloop
 endfacet

 facet normal 0.017377 -0.094888 -0.995336
  outer loop
   vertex 89.579041 -4.398631 482.213898
   vertex 88.534874 -31.037159 484.735199
   vertex 88.579193 -4.398631 482.196442
  endloop
 endfacet

 facet normal 0.017039 0.217379 -0.975939
  outer loop
   vertex 88.579193 -4.398631 482.196442
   vertex 89.471939 23.155392 488.349365
   vertex 89.579041 -4.398631 482.213898
  endloop
 endfacet

 facet normal 0.017039 0.217379 -0.975939
  outer loop
   vertex 88.472092 23.155392 488.331909
   vertex 89.471939 23.155392 488.349365
   vertex 88.579193 -4.398631 482.196442
  endloop
 endfacet

 facet normal 0.015032 0.508367 -0.861009
  outer loop
   vertex 89.221474 47.464703 502.697968
   vertex 89.471939 23.155392 488.349365
   vertex 88.472092 23.155392 488.331909
  endloop
 endfacet

 facet normal 0.015032 0.508367 -0.861009
  outer loop
   vertex 88.472092 23.155392 488.331909
   vertex 88.221626 47.464703 502.680511
   vertex 89.221474 47.464703 502.697968
  endloop
 endfacet

 facet normal 0.005739 -0.944419 -0.328695
  outer loop
   vertex 88.399506 77.471519 549.772278
   vertex 87.469246 78.859406 545.768311
   vertex 88.469093 78.859406 545.785767
  endloop
 endfacet

 facet normal 0.000272 -0.999878 -0.015594
  outer loop
   vertex 88.469093 78.859406 545.785767
   vertex 87.469246 78.859406 545.768311
   vertex 87.558723 78.939369 540.642639
  endloop
 endfacet

 facet normal 0.000272 -0.999878 -0.015594
  outer loop
   vertex 87.558723 78.939369 540.642639
   vertex 88.558571 78.939369 540.660095
   vertex 88.469093 78.859406 545.785767
  endloop
 endfacet

 facet normal -0.003659 -0.977779 0.209605
  outer loop
   vertex 87.659325 77.703590 534.879639
   vertex 88.558571 78.939369 540.660095
   vertex 87.558723 78.939369 540.642639
  endloop
 endfacet

 facet normal -0.003659 -0.977779 0.209605
  outer loop
   vertex 88.659172 77.703590 534.897095
   vertex 88.558571 78.939369 540.660095
   vertex 87.659325 77.703590 534.879639
  endloop
 endfacet

 facet normal -0.006710 -0.923167 0.384341
  outer loop
   vertex 87.659325 77.703590 534.879639
   vertex 87.761200 75.273026 529.043335
   vertex 88.659172 77.703590 534.897095
  endloop
 endfacet

 facet normal -0.006710 -0.923167 0.384341
  outer loop
   vertex 88.659172 77.703590 534.897095
   vertex 87.761200 75.273026 529.043335
   vertex 88.761047 75.273026 529.060791
  endloop
 endfacet

 facet normal -0.009352 -0.844389 0.535649
  outer loop
   vertex 88.761047 75.273026 529.060791
   vertex 87.761200 75.273026 529.043335
   vertex 87.854385 71.885605 523.705078
  endloop
 endfacet

 facet normal -0.009352 -0.844389 0.535649
  outer loop
   vertex 87.854385 71.885605 523.705078
   vertex 88.854233 71.885605 523.722534
   vertex 88.761047 75.273026 529.060791
  endloop
 endfacet

 facet normal -0.011882 -0.732556 0.680603
  outer loop
   vertex 87.929756 67.872910 519.387390
   vertex 88.854233 71.885605 523.722534
   vertex 87.854385 71.885605 523.705078
  endloop
 endfacet

 facet normal -0.011882 -0.732556 0.680603
  outer loop
   vertex 88.929604 67.872910 519.404846
   vertex 88.854233 71.885605 523.722534
   vertex 87.929756 67.872910 519.387390
  endloop
 endfacet

 facet normal -0.014454 -0.560731 0.827872
  outer loop
   vertex 87.929756 67.872910 519.387390
   vertex 87.979935 63.627731 516.512939
   vertex 88.929604 67.872910 519.404846
  endloop
 endfacet

 facet normal -0.014454 -0.560731 0.827872
  outer loop
   vertex 88.929604 67.872910 519.404846
   vertex 87.979935 63.627731 516.512939
   vertex 88.979782 63.627731 516.530396
  endloop
 endfacet

 facet normal -0.013262 -0.650263 0.759593
  outer loop
   vertex 88.979782 63.627731 516.530396
   vertex 87.979935 63.627731 516.512939
   vertex 88.221626 47.464703 502.680511
  endloop
 endfacet

 facet normal -0.013262 -0.650263 0.759593
  outer loop
   vertex 88.221626 47.464703 502.680511
   vertex 89.221474 47.464703 502.697968
   vertex 88.979782 63.627731 516.530396
  endloop
 endfacet

 facet normal -0.005739 0.944419 0.328695
  outer loop
   vertex 87.399658 77.471519 549.754822
   vertex 88.399506 77.471519 549.772278
   vertex 87.469246 78.859406 545.768311
  endloop
 endfacet

 facet normal -0.005739 0.944419 0.328695
  outer loop
   vertex 87.469246 78.859406 545.768311
   vertex 88.399506 77.471519 549.772278
   vertex 88.469093 78.859406 545.785767
  endloop
 endfacet

 facet normal -0.000272 0.999878 0.015594
  outer loop
   vertex 88.469093 78.859406 545.785767
   vertex 87.558723 78.939369 540.642639
   vertex 87.469246 78.859406 545.768311
  endloop
 endfacet

 facet normal -0.000272 0.999878 0.015594
  outer loop
   vertex 88.558571 78.939369 540.660095
   vertex 87.558723 78.939369 540.642639
   vertex 88.469093 78.859406 545.785767
  endloop
 endfacet

 facet normal 0.003659 0.977779 -0.209605
  outer loop
   vertex 87.659325 77.703590 534.879639
   vertex 87.558723 78.939369 540.642639
   vertex 88.558571 78.939369 540.660095
  endloop
 endfacet

 facet normal 0.003659 0.977779 -0.209605
  outer loop
   vertex 88.558571 78.939369 540.660095
   vertex 88.659172 77.703590 534.897095
   vertex 87.659325 77.703590 534.879639
  endloop
 endfacet

 facet normal 0.006710 0.923167 -0.384341
  outer loop
   vertex 87.659325 77.703590 534.879639
   vertex 88.659172 77.703590 534.897095
   vertex 87.761200 75.273026 529.043335
  endloop
 endfacet

 facet normal 0.006710 0.923167 -0.384341
  outer loop
   vertex 87.761200 75.273026 529.043335
   vertex 88.659172 77.703590 534.897095
   vertex 88.761047 75.273026 529.060791
  endloop
 endfacet

 facet normal 0.009352 0.844389 -0.535649
  outer loop
   vertex 88.761047 75.273026 529.060791
   vertex 87.854385 71.885605 523.705078
   vertex 87.761200 75.273026 529.043335
  endloop
 endfacet

 facet normal 0.009352 0.844389 -0.535649
  outer loop
   vertex 88.854233 71.885605 523.722534
   vertex 87.854385 71.885605 523.705078
   vertex 88.761047 75.273026 529.060791
  endloop
 endfacet

 facet normal 0.011882 0.732556 -0.680603
  outer loop
   vertex 87.929756 67.872910 519.387390
   vertex 87.854385 71.885605 523.705078
   vertex 88.854233 71.885605 523.722534
  endloop
 endfacet

 facet normal 0.011882 0.732556 -0.680603
  outer loop
   vertex 88.854233 71.885605 523.722534
   vertex 88.929604 67.872910 519.404846
   vertex 87.929756 67.872910 519.387390
  endloop
 endfacet

 facet normal 0.014454 0.560731 -0.827872
  outer loop
   vertex 87.929756 67.872910 519.387390
   vertex 88.929604 67.872910 519.404846
   vertex 87.979935 63.627731 516.512939
  endloop
 endfacet

 facet normal 0.014454 0.560731 -0.827872
  outer loop
   vertex 87.979935 63.627731 516.512939
   vertex 88.929604 67.872910 519.404846
   vertex 88.979782 63.627731 516.530396
  endloop
 endfacet

 facet normal 0.013262 0.650263 -0.759593
  outer loop
   vertex 88.979782 63.627731 516.530396
   vertex 88.221626 47.464703 502.680511
   vertex 87.979935 63.627731 516.512939
  endloop
 endfacet

 facet normal 0.013262 0.650263 -0.759593
  outer loop
   vertex 89.221474 47.464703 502.697968
   vertex 88.221626 47.464703 502.680511
   vertex 88.979782 63.627731 516.530396
  endloop
 endfacet

endsolid